26
17
0
19
18
30
1
2
19
24
6
21
25
10
24
14
18
6
1
27
5
17
29
13
33
14
6
26
21
24
0
12
33
6
12
10
22
17
5
29
15
14
17
8
22
10
11
14
28
30
28
6
23
2
17
31
14
8
0
10
7
5
12
22
29
16
5
8
17
26
33
28
11
23
6
7
32
33
4
27
26
30
16
6
31
17
33
33
6
3
21
4
13
24
4
32
22
11
25
3
27
31
8
31
16
7
2
17
8
4
14
30
16
0
8
0
10
31
20
14
3
1
2
11
12
24
19
23
33
0
12
8
27
31
23
22
15
7
17
7
4
1
30
13
26
12
24
33
17
6
31
30
10
2
8
8
32
13
2
29
20
23
30
15
13
20
7
27
28
27
12
26
33
14
29
20
22
24
23
5
15
19
10
1
20
4
27
28
7
16
21
15
1
12
32
27
23
22
26
13
28
8
10
6
29
1
15
24
22
32
26
3
32
19
14
8
25
16
25
22
19
13
2
1
7
6
16
6
29
17
8
27
18
27
2
13
23
14
20
5
32
0
7
12
4
21
25
4
31
17
2
18
19
27
30
3
7
3
24
23
13
24
7
23
22
11
29
22
28
31
13
16
9
7
6
1
21
28
24
28
31
15
12
0
24
12
23
14
12
22
17
33
5
19
28
13
20
5
21
1
17
20
7
14
18
13
14
31
5
23
7
18
33
20
19
30
21
30
13
17
29
10
26
7
13
17
22
20
19
3
5
13
6
14
33
32
33
11
11
12
21
21
4
31
15
18
16
11
2
28
8
30
8
14
26
24
7
11
3
2
23
21
31
23
11
31
25
8
17
18
8
1
26
4
30
7
20
1
7
21
25
22
25
14
13
32
19
33
20
28
13
4
14
25
24
18
21
21
19
22
1
8
28
7
26
29
12
0
26
7
0
29
32
27
18
22
20
4
12
7
11
11
29
20
32
21
23
5
21
31
17
26
28
6
2
12
1
3
30
17
21
23
31
1
13
29
15
14
20
25
10
19
5
11
10
3
30
17
27
16
3
13
22
20
23
33
22
5
30
29
16
10
22
1
0
22
7
21
0
7
15
17
28
12
22
13
23
17
7
33
23
1
32
5
7
14
5
1
1
19
25
21
1
3
17
27
20
16
24
23
14
20
10
8
14
5
17
5
8
11
7
12
26
22
27
31
27
7
0
27
21
12
7
23
15
17
21
5
27
15
12
12
11
27
31
31
11
12
4
28
5
17
24
14
5
1
3
30
17
33
23
16
18
19
30
12
12
23
3
8
5
28
23
28
6
13
14
0
24
25
22
30
19
30
7
16
19
15
32
22
2
27
5
18
31
32
25
4
31
17
32
0
25
22
24
6
10
33
8
26
10
19
17
22
4
23
24
18
32
28
10
4
32
14
0
11
17
25
7
6
11
30
27
26
11
15
19
32
29
27
26
28
23
32
12
14
24
17
19
11
18
22
10
17
1
0
29
2
2
19
2
32
30
24
10
28
24
28
29
15
25
14
21
20
8
25
28
17
2
30
14
2
3
16
4
8
21
27
24
28
22
13
31
24
16
17
4
21
10
22
24
6
11
6
16
13
28
19
23
8
22
24
8
28
23
8
16
24
17
14
6
30
1
26
26
17
1
11
33
13
29
16
25
19
14
27
32
15
7
32
18
0
7
17
25
30
2
22
11
17
2
7
1
23
21
19
8
19
15
24
28
4
15
8
1
0
10
14
27
6
27
26
13
26
27
11
20
23
22
16
11
29
5
28
18
25
33
32
3
11
0
18
11
6
28
22
2
13
13
0
22
32
13
19
29
29
6
24
15
15
7
8
22
11
1
14
13
17
19
26
20
13
14
31
5
33
14
16
31
5
32
28
4
1
26
32
24
21
26
18
31
17
21
22
22
23
4
0
7
8
4
20
15
5
33
24
0
25
33
10
8
21
27
14
33
27
12
26
19
11
12
11
26
8
6
16
17
15
24
28
25
12
18
33
28
5
1
0
20
12
20
13
5
31
20
31
13
27
14
2
32
14
15
22
5
10
8
26
30
16
26
4
16
1
27
23
23
31
21
28
31
28
15
33
17
14
16
18
7
20
33
30
15
16
28
1
0
1
28
20
25
7
12
32
32
3
6
2
18
23
6
22
26
20
0
26
17
26
19
4
2
12
19
24
10
7
14
28
17
3
7
33
2
24
7
18
27
30
26
30
1
26
20
1
21
12
20
20
33
28
32
18
19
14
32
2
26
10
26
7
12
30
27
27
2
2
11
4
11
32
5
10
30
18
5
28
3
14
33
33
28
20
18
12
14
5
18
30
21
2
12
1
13
8
30
14
31
28
30
32
5
24
25
3
13
20
19
7
32
5
19
27
23
12
3
4
30
8
31
10
16
28
31
28
23
24
26
33
15
30
10
12
0
17
11
30
7
13
4
1
32
18
22
14
18
4
23
32
25
0
17
3
32
30
11
7
18
16
12
27
10
22
29
5
17
19
23
10
24
15
18
15
10
0
18
33
0
6
2
12
7
2
30
17
33
8
14
28
19
28
15
14
26
25
8
19
33
21
2
23
19
6
3
8
10
13
21
20
17
8
15
25
24
5
10
30
10
25
10
15
7
31
28
27
8
27
23
31
28
13
22
17
19
19
6
29
4
4
6
14
12
0
0
19
19
31
29
23
11
3
13
1
30
23
14
20
3
19
7
25
