18
31
1
2
19
25
6
21
26
10
25
14
18
6
1
28
5
17
30
13
34
14
6
27
21
25
0
12
34
6
12
10
22
17
5
30
15
14
17
8
22
10
11
14
29
31
29
6
23
2
17
32
14
8
0
10
7
5
12
22
30
16
5
8
17
27
34
29
11
23
6
7
33
34
4
28
27
31
16
6
32
17
34
34
6
3
21
4
13
25
4
33
22
11
26
3
28
32
8
32
16
7
2
17
8
4
14
31
16
0
8
0
10
32
20
14
3
1
2
11
12
25
19
23
34
0
12
8
28
32
23
22
15
7
17
7
4
1
31
13
27
12
25
34
17
6
32
31
10
2
8
8
33
13
2
30
20
23
31
15
13
20
7
28
29
28
12
27
34
14
30
20
22
25
23
5
15
19
10
1
20
4
28
29
7
16
21
15
1
12
33
28
23
22
27
13
29
8
10
6
30
1
15
25
22
33
27
3
33
19
14
8
26
16
26
22
19
13
2
1
7
6
16
6
30
17
8
28
18
28
2
13
23
14
20
5
33
0
7
12
4
21
26
4
32
17
2
18
19
28
31
3
7
3
25
23
13
25
7
23
22
11
30
22
29
32
13
16
9
7
6
1
21
29
25
29
32
15
12
0
25
12
23
14
12
22
17
34
5
19
29
13
20
5
21
1
17
20
7
14
18
13
14
32
5
23
7
18
34
20
19
31
21
31
13
17
30
10
27
7
13
17
22
20
19
3
5
13
6
14
34
33
34
11
11
12
21
21
4
32
15
18
16
11
2
29
8
31
8
14
27
25
7
11
3
2
23
21
32
23
11
32
26
8
17
18
8
1
27
4
31
7
20
1
7
21
26
22
26
14
13
33
19
34
20
29
13
4
14
26
25
18
21
21
19
22
